4100103;0.0
4100202;0.0
4100301;0.0
4100400;0.0
4100459;0.0
4100509;0.0
4100608;0.0
4100707;0.0
4100806;0.0
4100905;0.0
4101002;0.0
4101051;0.0
4101101;0.0
4101150;0.0
4101200;0.0
4101309;0.0
4101408;1.0
4101507;0.0
4101606;0.0
4101655;0.0
4101705;0.0
4101804;1.0
4101853;0.0
4101903;0.0
4102000;0.0
4102109;0.0
4102208;0.0
4102307;0.0
4102406;0.0
4102505;0.0
4102604;0.0
4102703;0.0
4102752;0.0
4102802;0.0
4102901;0.0
4103008;0.0
4103024;0.0
4103040;0.0
4103057;0.0
4103107;0.0
4103156;0.0
4103206;0.0
4103222;0.0
4103305;0.0
4103354;0.0
4103370;0.0
4103404;0.0
4103453;0.0
4103479;0.0
4103503;0.0
4103602;0.0
4103701;1.0
4103800;0.0
4103909;1.0
4103958;0.0
4104006;0.0
4104055;0.0
4104105;0.0
4104204;0.6721034311287917
4104253;0.0
4104303;0.0
4104402;0.0
4104428;0.0
4104451;0.0
4104501;0.0
4104600;0.0
4104659;0.0
4104709;0.0
4104808;1.0
4104907;1.0
4105003;0.0
4105102;0.0
4105201;0.0
4105300;0.0
4105409;0.0
4105508;1.0
4105607;0.0
4105706;0.0
4105805;0.37590388252308377
4105904;0.0
4106001;0.0
4106100;0.0
4106209;0.0
4106308;0.0
4106407;1.0
4106456;0.0
4106506;1.0
4106555;0.0
4106571;0.0
4106605;0.0
4106704;0.0
4106803;1.0
4106852;0.0
4106902;1.0
4107009;0.0
4107108;0.0
4107124;0.0
4107157;0.0
4107207;1.0
4107256;0.0
4107306;0.0
4107405;0.0
4107504;0.0
4107520;0.0
4107538;0.0
4107546;0.0
4107553;0.0
4107603;0.0
4107652;1.0
4107702;0.0
4107736;0.0
4107751;0.0
4107801;0.0
4107850;0.0
4107900;0.0
4108007;0.0
4108106;0.0
4108205;0.0
4108304;0.5907859078590786
4108320;0.0
4108403;1.0
4108452;0.0
4108502;0.0
4108551;0.0
4108601;0.0
4108650;0.0
4108700;0.0
4108809;0.0
4108908;0.0
4108957;0.0
4109005;0.0
4109104;0.0
4109203;0.0
4109302;0.0
4109401;1.0
4109500;0.0
4109609;0.0
4109658;0.0
4109708;0.0
4109757;0.0
4109807;1.0
4109906;0.0
4110003;0.0
4110052;0.0
4110078;0.0
4110102;0.0
4110201;0.0
4110300;0.0
4110409;0.0
4110508;0.0
4110607;0.0
4110656;0.0
4110706;0.0
4110805;0.0
4110904;0.0
4110953;0.0
4111001;0.0
4111100;0.0
4111209;0.0
4111258;1.0
4111308;0.0
4111407;0.0
4111506;0.0
4111555;0.0
4111605;0.0
4111704;0.0
4111803;1.0
4111902;0.0
4112009;1.0
4112108;1.0
4112207;0.0
4112306;0.0
4112405;0.0
4112504;0.0
4112603;0.0
4112702;0.0
4112751;0.0
4112801;0.0
4112900;0.0
4112959;0.0
4113007;0.0
4113106;0.0
4113205;0.0
4113254;0.0
4113304;0.0
4113403;0.0
4113429;0.0
4113452;0.0
4113502;0.0
4113601;0.0
4113700;1.0
4113734;0.0
4113759;0.0
4113809;0.0
4113908;0.0
4114005;0.0
4114104;1.0
4114203;0.0
4114302;0.0
4114351;0.0
4114401;0.0
4114500;0.0
4114609;1.0
4114708;0.0
4114807;0.0
4114906;0.0
4115002;0.0
4115101;0.0
4115200;0.9459686450167973
4115309;0.0
4115358;0.0
4115408;0.0
4115457;0.0
4115507;0.0
4115606;1.0
4115705;0.0
4115739;0.0
4115754;0.0
4115804;1.0
4115853;0.0
4115903;0.0
4116000;0.0
4116059;0.0
4116109;0.0
4116208;0.0
4116307;0.0
4116406;0.0
4116505;0.0
4116604;0.0
4116703;0.0
4116802;0.0
4116901;0.0
4116950;0.0
4117008;0.0
4117057;0.0
4117107;0.0
4117206;0.0
4117214;0.0
4117222;0.0
4117255;0.0
4117271;0.0
4117297;0.0
4117305;0.0
4117404;0.0
4117453;0.0
4117503;1.0
4117602;0.0
4117701;0.0
4117800;0.0
4117909;1.0
4118006;0.0
4118105;0.0
4118204;0.5642010352312573
4118303;0.0
4118402;0.0
4118451;0.0
4118501;0.0
4118600;0.0
4118709;0.0
4118808;0.0
4118857;0.0
4118907;0.0
4119004;0.0
4119103;0.0
4119152;0.6377878444696111
4119202;0.0
4119251;0.0
4119301;0.0
4119400;1.0
4119509;1.0
4119608;0.0
4119657;0.0
4119707;0.0
4119806;0.0
4119905;1.0
4119954;0.0
4120002;0.0
4120101;0.0
4120150;0.0
4120200;0.0
4120309;0.0
4120333;0.0
4120358;0.0
4120408;0.0
4120507;0.0
4120606;1.0
4120655;0.0
4120705;0.0
4120804;0.0
4120853;0.0
4120903;0.0
4121000;0.0
4121109;0.0
4121208;0.0
4121257;0.0
4121307;0.0
4121356;0.0
4121406;0.0
4121505;0.0
4121604;0.0
4121703;0.0
4121752;0.0
4121802;0.0
4121901;0.0
4122008;0.0
4122107;0.0
4122156;0.0
4122172;0.0
4122206;0.0
4122305;0.0
4122404;1.0
4122503;0.0
4122602;0.0
4122651;0.0
4122701;0.0
4122800;0.0
4122909;0.0
4123006;0.0
4123105;0.0
4123204;0.0
4123303;0.0
4123402;0.0
4123501;0.0
4123600;0.0
4123709;0.0
4123808;0.0
4123824;0.0
4123857;0.0
4123907;0.0
4123956;0.0
4124004;0.0
4124020;0.0
4124053;0.0
4124103;1.0
4124202;0.0
4124301;0.0
4124400;0.0
4124509;0.0
4124608;0.0
4124707;0.0
4124806;0.0
4124905;0.0
4125001;0.0
4125100;0.0
4125209;0.0
4125308;0.0
4125357;0.0
4125407;0.0
4125456;0.0
4125506;0.5974714879321015
4125555;0.0
4125605;0.0
4125704;0.0
4125753;0.0
4125803;0.0
4125902;0.0
4126009;0.0
4126108;0.0
4126207;0.0
4126256;1.0
4126272;0.0
4126306;0.0
4126355;0.0
4126405;0.0
4126504;1.0
4126603;0.0
4126652;0.0
4126678;0.0
4126702;0.0
4126801;0.0
4126900;0.0
4127007;0.0
4127106;0.0
4127205;0.0
4127304;0.0
4127403;0.0
4127502;0.0
4127601;0.0
4127700;0.6124705455863694
4127809;0.0
4127858;0.0
4127882;0.0
4127908;0.0
4127957;0.0
4127965;0.0
4128005;1.0
4128104;0.0
4128203;0.0
4128302;0.0
4128401;0.0
4128500;0.0
4128534;0.0
4128559;0.0
4128609;0.0
4128625;0.0
4128633;0.0
4128658;0.0
4128708;0.0
4128807;0.0
