SE
75
28
60
6758
2800100
2800209
2800308
2800407
2800506
2800605
2800670
2800704
2801009
2801108
2801207
2801306
2801405
2801504
2801603
2801702
2801900
2802007
2802106
2802205
2802304
2802403
2802502
2802601
2802700
2802809
2802908
2803005
2803104
2803203
2803302
2803401
2803500
2803609
2803708
2803807
2803906
2804003
2804102
2804201
2804300
2804409
2804458
2804508
2804607
2804706
2804805
2804904
2805000
2805109
2805208
2805307
2805406
2805505
2805604
2805703
2805802
2805901
2806008
2806107
2806206
2806305
2806404
2806503
2806602
2806701
2806800
2806909
2807006
2807105
2807204
2807303
2807402
2807501
2807600
Amparo do São Francisco
Aquidabã
Aracaju
Arauá
Areia Branca
Barra dos Coqueiros
Boquim
Brejo Grande
Campo do Brito
Canhoba
Canindé de São Francisco
Capela
Carira
Carmópolis
Cedro de São João
Cristinápolis
Cumbe
Divina Pastora
Estância
Feira Nova
Frei Paulo
Gararu
General Maynard
Gracho Cardoso
Ilha das Flores
Indiaroba
Itabaiana
Itabaianinha
Itabi
Itaporanga d'Ajuda
Japaratuba
Japoatã
Lagarto
Laranjeiras
Macambira
Malhada dos Bois
Malhador
Maruim
Moita Bonita
Monte Alegre de Sergipe
Muribeca
Neópolis
Nossa Senhora Aparecida
Nossa Senhora da Glória
Nossa Senhora das Dores
Nossa Senhora de Lourdes
Nossa Senhora do Socorro
Pacatuba
Pedra Mole
Pedrinhas
Pinhão
Pirambu
Poço Redondo
Poço Verde
Porto da Folha
Propriá
Riachão do Dantas
Riachuelo
Ribeirópolis
Rosário do Catete
Salgado
Santa Luzia do Itanhy
Santana do São Francisco
Santa Rosa de Lima
Santo Amaro das Brotas
São Cristóvão
São Domingos
São Francisco
São Miguel do Aleixo
Simão Dias
Siriri
Telha
Tobias Barreto
Tomar do Geru
Umbaúba
160
1494
52404
776
1156
1948
1980
458
1261
249
1478
2081
1474
953
433
1045
290
303
4921
385
1037
837
220
417
543
960
6719
2637
416
1988
1240
859
7374
1889
493
231
879
1164
823
892
523
1311
634
2370
1795
468
13084
806
238
648
473
565
1856
1636
1769
2232
1300
654
1296
681
1397
790
445
246
853
6302
751
255
267
2909
539
216
3693
848
1588
0
27.0031
113.7037
199.8748
123.5621
119.29060000000001
192.5974
79.355
147.87220000000002
6.1326
158.77360000000002
66.2748
126.1199
72.34960000000001
21.5367
216.016
51.8512
96.3982
167.7054
65.346
159.8483
37.9975
76.44810000000001
51.5664
70.6525
200.2745
141.571
220.1959
31.3908
130.50289999999998
71.0845
38.3776
177.9838
97.7377
158.9694
41.504599999999996
121.372
85.1525
129.368
107.4189
48.412
61.5084
101.2307
78.9477
88.6969
19.9348
103.5006
60.6312
182.70270000000002
201.70589999999999
159.2886
90.077
136.49470000000002
238.2041
67.024
19.774
197.3451
102.0531
118.8025
79.25880000000001
152.5048
178.9832
63.397
107.43180000000001
91.8669
127.51989999999999
160.3374
36.552
83.7886
183.5372
86.929
15.6524
229.6358
232.3111
198.76670000000001
27.0031
0
95.8197
181.99079999999998
105.6781
101.40660000000001
174.7134
83.152
129.9882
20.6537
132.2966
33.8213
99.6429
54.4656
21.1975
198.132
25.374299999999998
78.5142
149.82139999999998
38.869099999999996
110.6463
52.4171
58.564099999999996
25.0894
74.4494
182.3905
123.687
202.31189999999998
42.7386
112.6189
53.2005
38.3047
160.0998
79.8537
117.1422
28.7464
103.488
67.2685
72.39389999999999
80.94189999999999
23.221
65.287
74.7538
52.470699999999994
41.5912
34.3544
85.6166
59.7344
133.50070000000002
183.8219
132.8117
72.193
110.01769999999999
211.7272
81.4436
28.052
179.46110000000002
84.1691
92.32560000000001
61.3748
134.62079999999997
161.09920000000002
67.1756
89.54780000000001
73.9829
109.63589999999999
142.4534
30.144299999999998
57.3116
157.0602
69.045
18.835
211.7517
214.4271
180.8827
113.7037
95.8197
0
99.96860000000001
36.0792
7.4495
92.6912
106.4889
60.3894
115.4393
194.33010000000002
61.322
109.7351
45.2421
92.86
116.1097
85.48010000000001
38.019400000000005
67.7992
99.67689999999999
72.3654
147.3042
44.5931
116.4417
126.1489
100.3682
54.0882
120.28960000000001
134.0909
30.5966
54.0195
90.00410000000001
90.50089999999999
21.4681
71.48660000000001
80.4458
48.7323
28.549599999999998
70.76169999999999
142.9754
69.89389999999999
116.98639999999999
92.4666
114.5043
68.507
129.2415
13.786
111.4338
95.2199
101.7997
95.6255
39.4989
172.05120000000002
174.541
176.3307
96.4187
109.8622
29.413400000000003
74.4538
35.787
52.5985
79.077
118.8751
40.2753
37.364
20.8793
72.8545
81.8437
101.3125
119.87410000000001
51.5027
98.025
142.1529
132.4048
98.8604
199.8748
181.99079999999998
99.96860000000001
0
100.80810000000001
107.3828
17.982599999999998
222.2812
75.12889999999999
202.8692
227.87220000000002
148.75179999999997
127.5397
132.6719
180.28979999999999
36.254599999999996
172.9099
125.44919999999999
34.758300000000006
161.864
105.9075
234.734
132.0229
176.4692
213.5787
61.64
87.6302
20.730400000000003
194.7236
71.29469999999999
141.4493
177.4339
46.0331
108.89789999999999
85.0385
167.87570000000002
105.86710000000001
115.9794
104.30380000000001
176.5175
157.3237
204.4162
126.0086
148.0463
155.93679999999998
216.6713
101.21589999999999
198.86370000000002
97.4278
10.5401
94.6986
139.43220000000002
205.5933
125.60130000000001
217.01379999999997
183.8485
26.4477
116.8432
107.99589999999999
123.2168
46.2384
40.348699999999994
206.3049
127.7051
124.7938
84.38239999999999
67.07539999999999
169.2735
134.8545
70.93430000000001
138.9326
185.45479999999998
51.623599999999996
40.5855
19.0053
123.5621
105.6781
36.0792
100.80810000000001
0
42.1233
90.7999
145.24779999999998
25.8891
125.8358
159.82979999999998
57.4929
75.2348
55.6385
103.2564
136.90970000000002
78.1671
32.2119
88.5992
93.8216
37.8651
149.42170000000002
54.9895
108.4268
136.5453
121.1683
19.587799999999998
141.08960000000002
126.6812
51.396699999999996
64.41590000000001
100.4005
56.0006
26.8292
36.9863
90.84230000000001
37.8248
38.946
36.2614
108.47510000000001
80.2903
127.3828
57.966300000000004
80.00389999999999
61.194
139.6379
33.2786
121.83030000000001
60.7195
91.0582
61.1252
74.17280000000001
137.55089999999998
140.04070000000002
148.9714
106.8151
75.36189999999999
23.605900000000002
39.9535
46.1834
73.3986
99.877
129.2715
34.467699999999994
47.760400000000004
48.4137
38.3542
92.24010000000001
66.81219999999999
85.3737
44.189800000000005
108.42139999999999
107.6526
153.20489999999998
119.6604
119.29060000000001
101.40660000000001
7.4495
107.3828
42.1233
0
101.44789999999999
105.68780000000001
65.3637
120.6798
199.3044
66.5624
114.70939999999999
50.4826
98.1004
124.8665
90.7206
43.259800000000006
76.5559
104.9173
77.3397
152.5447
49.8335
121.6821
102.7843
109.125
59.062400000000004
129.0464
139.3313
39.3534
59.26
95.2445
95.4752
26.5945
76.4609
85.6863
53.972699999999996
33.79
75.736
147.9497
75.1343
122.2268
97.4409
119.4785
73.7474
134.4819
17.282700000000002
116.6743
100.1941
110.5564
100.5998
38.6978
177.0255
179.5153
181.5711
101.6592
114.8365
34.653800000000004
79.4281
41.0274
61.3553
87.8337
124.1155
45.515699999999995
39.634699999999995
26.9725
77.8288
87.0841
106.2868
124.84830000000001
56.743199999999995
103.2654
147.12720000000002
141.1616
107.61710000000001
192.5974
174.7134
92.6912
17.982599999999998
90.7999
101.44789999999999
0
214.9931
64.9586
195.581
217.7018
141.4636
120.28760000000001
125.38380000000001
173.0017
54.184599999999996
135.2309
118.1611
26.403299999999998
151.6936
95.73710000000001
207.29379999999998
124.7347
166.2988
206.2905
59.957800000000006
77.45989999999999
38.6604
184.55329999999998
64.0065
134.1612
170.1457
38.8137
101.6097
74.8682
160.5875
95.6968
108.6913
94.1334
166.3471
150.0355
197.12810000000002
115.8383
137.876
118.2578
209.3831
93.9277
191.5755
90.17569999999999
10.094899999999999
87.4465
132.144
195.423
118.3492
206.8434
176.5604
26.0025
109.55510000000001
97.8255
115.92869999999999
29.322200000000002
38.6665
199.01670000000001
120.4169
117.50569999999999
77.0943
56.9051
161.9854
124.6842
63.682199999999995
131.6444
178.16660000000002
58.2932
58.5155
36.935199999999995
79.355
83.152
106.4889
222.2812
145.24779999999998
105.68780000000001
214.9931
0
176.9175
88.833
218.7449
95.32010000000001
186.09120000000001
101.39489999999999
77.4085
245.0612
111.8225
125.4435
196.75070000000002
125.31739999999999
188.8935
120.69789999999999
105.4934
111.5377
10.887
229.3198
170.6163
249.24110000000002
114.0912
159.5482
100.1298
54.5625
207.029
126.7829
188.0147
73.5528
150.41729999999998
114.1978
158.4133
167.39020000000002
77.4572
26.0727
161.202
138.919
117.7422
102.63510000000001
132.5459
26.8797
211.748
230.7512
212.1536
70.0007
196.466
291.0691
149.7244
69.6625
226.3903
131.0984
162.5614
108.304
181.55010000000001
208.0285
31.938599999999997
136.477
120.91210000000001
156.5652
189.3826
67.4952
143.7599
236.40220000000002
115.9742
76.5871
258.681
261.3564
227.81189999999998
147.87220000000002
129.9882
60.3894
75.12889999999999
25.8891
65.3637
64.9586
176.9175
0
149.9361
152.74329999999998
81.5932
68.1482
79.7388
127.3567
111.2268
70.2723
56.3121
90.3278
86.7351
30.778599999999997
142.33520000000001
79.0898
101.3403
160.6456
127.5186
12.501299999999999
95.7026
119.5947
56.9994
88.5162
124.5008
30.1115
50.9295
11.0972
114.9426
30.7382
63.0463
29.1749
101.38860000000001
104.3906
151.4831
50.8797
72.9174
53.2992
131.9628
57.3789
145.9306
53.633
65.1691
54.038599999999995
98.2731
130.46439999999998
110.6785
141.8849
130.9154
49.4728
47.7061
32.8669
70.2837
52.552699999999994
106.2273
153.37179999999998
49.2681
71.8607
72.514
12.4651
116.34039999999999
59.7256
56.0116
68.29
132.5217
81.7635
120.2944
93.9775
6.1326
20.6537
115.4393
202.8692
125.8358
120.6798
195.581
88.833
149.9361
0
152.6409
54.1656
119.9872
74.3654
23.5525
218.03179999999998
45.718599999999995
98.4141
169.72129999999999
59.2134
130.9906
31.864900000000002
78.4639
45.433699999999995
72.6683
202.2903
143.58679999999998
222.2117
25.2581
132.51870000000002
73.1004
40.3934
179.99960000000002
99.7535
137.4865
43.5204
123.3878
87.1683
92.73819999999999
101.2862
43.565400000000004
63.5242
95.0981
72.815
61.9355
13.802100000000001
105.51639999999999
62.647
153.845
203.7218
153.156
92.0928
130.362
232.0715
60.891400000000004
21.7898
199.3609
104.0689
112.6699
81.2746
154.5206
180.999
65.4128
109.44760000000001
93.8827
129.5357
162.35320000000002
38.567800000000005
77.65589999999999
177.4045
88.9448
17.668200000000002
231.6516
234.3269
200.7825
158.77360000000002
132.2966
194.33010000000002
227.87220000000002
159.82979999999998
199.3044
217.7018
218.7449
152.74329999999998
152.6409
0
142.3265
112.5795
160.51129999999998
153.3013
261.5114
119.28089999999999
153.6627
246.8795
94.0083
138.2188
116.1885
168.5059
108.6135
202.5339
279.4485
142.0495
245.9871
126.86789999999999
209.6769
163.7136
166.3891
180.39610000000002
177.4405
144.71470000000002
156.83079999999998
147.4
164.8553
131.1441
51.597699999999996
151.3055
193.3714
102.3263
79.8929
124.7892
139.236
183.2034
187.81879999999998
149.56279999999998
215.4537
145.74820000000003
182.7061
22.8655
195.57379999999998
87.8089
160.1558
199.7574
163.31529999999998
119.8981
158.9615
202.8373
258.15729999999996
195.26
153.55360000000002
171.5697
206.69389999999999
162.74970000000002
158.2287
109.7736
169.99679999999998
142.99689999999998
150.9775
232.0481
270.579
244.262
66.2748
33.8213
61.322
148.75179999999997
57.4929
66.5624
141.4636
95.32010000000001
81.5932
54.1656
142.3265
0
107.3696
24.978
45.8381
168.6444
34.5974
25.2593
120.3339
48.7941
69.9999
102.5282
29.0765
61.533199999999994
79.127
152.9029
59.494
172.8243
79.7877
83.1313
23.713
42.9822
111.7295
50.366099999999996
76.4958
33.424
53.237199999999994
37.7809
49.4661
90.8669
22.7411
69.9645
70.4521
62.3958
18.6633
67.9573
56.1291
64.412
92.8544
154.3344
93.26
42.7055
119.9427
172.1755
131.55470000000003
49.396800000000006
131.0908
34.9119
52.7029
31.8872
105.1332
131.6116
71.8532
36.2928
44.4953
80.1483
94.0831
34.8218
53.4596
117.5086
13.2491
51.003099999999996
163.38139999999999
184.9395
151.3951
126.1199
99.6429
109.7351
127.5397
75.2348
114.70939999999999
120.28760000000001
186.09120000000001
68.1482
119.9872
112.5795
107.3696
0
129.2793
120.6297
163.701
86.6093
105.85260000000001
162.2399
61.3367
37.4297
116.9368
128.6302
75.94189999999999
169.8622
194.809
57.4099
148.1768
94.19630000000001
125.03739999999999
138.0567
133.7174
82.6008
100.4699
60.075199999999995
124.1592
75.52560000000001
112.5867
66.2561
61.2068
118.63380000000001
160.6997
73.7957
47.1722
88.8817
106.56439999999999
106.9193
155.1472
36.874300000000005
117.6433
33.0597
147.8135
90.2826
111.9752
101.7031
127.4842
101.947
97.2466
55.7829
119.8241
109.0413
173.51770000000002
162.5884
88.66560000000001
121.4011
122.0544
78.11019999999999
125.557
82.64160000000001
57.3083
102.8041
118.3059
134.23770000000002
172.76870000000002
146.45170000000002
72.34960000000001
54.4656
45.2421
132.6719
55.6385
50.4826
125.38380000000001
101.39489999999999
79.7388
74.3654
160.51129999999998
24.978
129.2793
0
51.7921
148.1505
53.040800000000004
28.532700000000002
99.8399
67.2376
91.9828
106.2363
5.7337
75.3738
85.081
132.409
73.7055
152.3304
93.023
62.6374
12.9517
48.9362
110.1183
29.8722
91.1039
39.378
53.5065
17.287
61.5025
109.31039999999999
28.826
75.9185
83.39989999999999
80.83919999999999
36.067699999999995
88.17360000000001
35.6351
70.366
114.8372
133.8404
115.24289999999999
29.1938
138.3862
194.1584
135.2628
55.3509
129.4796
34.187599999999996
65.6507
11.3933
84.6393
111.1177
77.8072
39.566300000000005
24.0014
59.6544
92.47189999999999
40.775800000000004
71.903
139.4914
19.0635
56.9571
161.7703
164.4456
130.9012
21.5367
21.1975
92.86
180.28979999999999
103.2564
98.1004
173.0017
77.4085
127.3567
23.5525
153.3013
45.8381
120.6297
51.7921
0
195.48520000000002
46.2721
75.86739999999999
147.1746
59.7669
139.3175
55.4501
55.917300000000004
45.987199999999994
61.2241
179.74370000000002
121.0402
199.6651
48.8434
109.97210000000001
50.5537
17.422099999999997
157.453
77.20689999999999
138.4386
20.9738
100.8412
64.6217
108.8372
101.8397
27.8812
52.08
95.6516
73.3686
68.1661
37.3874
82.9698
39.6757
162.1719
181.17510000000001
162.5775
69.5462
130.9155
241.4931
84.4766
10.842799999999999
176.8142
81.5223
112.9854
58.7279
131.974
158.45239999999998
53.968599999999995
86.9009
71.3361
106.98910000000001
139.8066
16.0212
78.2095
186.8261
66.3982
6.1708
209.1049
211.78029999999998
178.23579999999998
216.016
198.132
116.1097
36.254599999999996
136.90970000000002
124.8665
54.184599999999996
245.0612
111.2268
218.03179999999998
261.5114
168.6444
163.701
148.1505
195.48520000000002
0
189.01170000000002
141.55089999999998
50.86
203.20839999999998
142.1636
250.83579999999998
148.12460000000002
219.9733
229.6804
46.679300000000005
123.8863
32.2984
237.6225
87.3964
157.55110000000002
193.53560000000002
82.2893
124.9996
121.29469999999999
183.9774
152.2639
132.0811
140.5599
212.77360000000002
173.4254
220.5179
162.26479999999998
184.3024
172.0385
232.773
117.3176
214.9654
133.684
46.7962
130.9547
155.5339
241.8494
161.85739999999998
279.8623
199.9503
62.703900000000004
132.9449
144.252
139.3186
90.8248
56.4505
222.4066
143.80679999999998
140.8955
100.4842
103.33160000000001
185.37529999999998
171.1107
107.1904
155.0343
201.5565
63.2504
18.796599999999998
17.7033
51.8512
25.374299999999998
85.48010000000001
172.9099
78.1671
90.7206
135.2309
111.8225
70.2723
45.718599999999995
119.28089999999999
34.5974
86.6093
53.040800000000004
46.2721
189.01170000000002
0
45.977599999999995
139.72310000000002
25.746599999999997
68.44069999999999
79.4807
60.820800000000006
38.485699999999994
95.5183
172.2922
57.9347
192.2135
56.7401
102.5206
56.0285
59.3735
99.2215
69.7553
74.93660000000001
49.8153
57.613800000000005
57.170199999999994
47.906800000000004
67.81939999999999
44.2899
86.3558
38.790099999999995
39.3482
17.1041
69.1082
75.5183
80.80330000000001
91.2951
134.2791
91.7008
75.0209
96.8952
170.6163
108.5072
53.1402
118.5828
55.630199999999995
51.143699999999995
51.2764
124.5225
151.0009
88.2445
57.0111
63.8846
99.53760000000001
81.5751
51.2131
30.412
115.94930000000001
35.311800000000005
43.962
150.8735
204.3288
170.7843
96.3982
78.5142
38.019400000000005
125.44919999999999
32.2119
43.259800000000006
118.1611
125.4435
56.3121
98.4141
153.6627
25.2593
105.85260000000001
28.532700000000002
75.86739999999999
141.55089999999998
45.977599999999995
0
92.0989
60.2813
68.464
114.0154
27.0527
73.0205
109.2007
124.668
43.4744
144.58929999999998
91.27489999999999
54.8964
37.071400000000004
73.0559
86.5995
22.1311
67.5852
63.497699999999995
28.107200000000002
10.556899999999999
33.0991
102.35419999999999
52.945699999999995
100.0383
62.1914
73.883
29.1115
103.643
27.894099999999998
94.4857
91.3184
126.09939999999999
91.7241
56.063900000000004
131.43
170.6396
143.0419
79.4706
105.9608
9.782
44.4422
18.246599999999997
76.8983
103.3767
101.92689999999999
11.1629
19.8236
51.9134
68.9531
64.8956
71.0373
115.9726
12.1072
81.0768
138.2515
156.7046
123.1601
167.7054
149.82139999999998
67.7992
34.758300000000006
88.5992
76.5559
26.403299999999998
196.75070000000002
90.3278
169.72129999999999
246.8795
120.3339
162.2399
99.8399
147.1746
50.86
139.72310000000002
92.0989
0
154.9135
124.9614
202.5409
99.8297
171.67839999999998
181.3855
35.052800000000005
106.6841
54.974199999999996
189.32760000000002
39.1015
109.25619999999999
145.2407
64.1377
76.7047
100.19210000000001
135.6825
103.969
83.7862
123.3577
195.57139999999998
125.1305
172.223
145.0626
167.1002
123.7436
184.4781
69.0227
166.6705
115.49969999999999
35.4988
112.7704
107.239
224.6472
143.6731
231.5674
151.6554
51.406400000000005
84.65
127.0498
91.02369999999999
42.529900000000005
13.7615
174.1117
95.5119
92.6006
52.1893
82.229
137.0804
153.9085
89.0061
106.73939999999999
153.26160000000002
85.8673
67.0894
33.545
65.346
38.869099999999996
99.67689999999999
161.864
93.8216
104.9173
151.6936
125.31739999999999
86.7351
59.2134
94.0083
48.7941
61.3367
67.2376
59.7669
203.20839999999998
25.746599999999997
60.2813
154.9135
0
72.3071
56.1301
75.0276
15.1351
109.0555
186.4989
76.1378
180.0754
33.3896
116.7273
70.23519999999999
72.91069999999999
114.4844
83.9621
78.803
63.3525
81.48830000000001
71.37689999999999
65.2324
42.6027
57.8271
99.893
36.4146
14.1316
31.3108
45.7577
89.72510000000001
94.3405
95.1616
149.542
94.4725
89.2277
71.6786
173.388
85.15660000000001
66.6775
133.84570000000002
69.837
53.9864
65.4832
138.72920000000002
165.2076
101.7817
71.2179
78.0913
113.74430000000001
96.838
64.75030000000001
20.7415
118.721
49.5186
57.499199999999995
166.13639999999998
218.5355
184.99110000000002
159.8483
110.6463
72.3654
105.9075
37.8651
77.3397
95.73710000000001
188.8935
30.778599999999997
130.9906
138.2188
69.9999
37.4297
91.9828
139.3175
142.1636
68.44069999999999
68.464
124.9614
72.3071
0
127.8815
91.2605
86.8866
172.81629999999998
157.43929999999997
20.0403
123.97789999999999
105.141
87.6677
100.687
136.6715
58.386900000000004
63.100300000000004
22.7055
127.11330000000001
38.1559
75.2171
28.886400000000002
86.9349
116.5613
163.6539
36.426
58.463699999999996
51.512
117.5091
69.54960000000001
158.10129999999998
22.9145
93.4445
23.3202
110.4438
116.0107
102.2357
127.4312
143.08620000000002
77.7482
59.8769
18.4132
82.4545
80.8281
136.148
165.5425
51.296
84.0315
84.68469999999999
40.7405
128.5112
45.2719
47.5687
65.4344
144.6924
110.0389
148.5698
122.25280000000001
37.9975
52.4171
147.3042
234.734
149.42170000000002
152.5447
207.29379999999998
120.69789999999999
142.33520000000001
31.864900000000002
116.1885
102.5282
116.9368
106.2363
55.4501
250.83579999999998
79.4807
114.0154
202.5409
56.1301
127.8815
0
110.3564
41.9261
104.5608
234.1828
131.6662
254.10410000000002
22.7703
164.4112
104.9928
72.2859
170.0128
131.64589999999998
134.3314
75.4129
137.01670000000001
119.0608
120.7608
69.1955
75.3564
95.4166
91.943
69.66
85.0702
19.042
137.4089
94.5395
150.69
205.0704
150.0009
123.98530000000001
93.8596
228.91639999999998
29.5265
53.682300000000005
189.3741
123.59639999999999
109.51480000000001
113.167
186.41310000000001
212.8915
97.3053
124.9773
125.77510000000001
161.4282
152.3664
70.4602
74.50089999999999
174.24939999999998
103.278
49.5606
221.66479999999999
266.2194
232.6749
76.44810000000001
58.564099999999996
44.5931
132.0229
54.9895
49.8335
124.7347
105.4934
79.0898
78.4639
168.5059
29.0765
128.6302
5.7337
55.917300000000004
148.12460000000002
60.820800000000006
27.0527
99.8297
75.0276
91.2605
110.3564
0
79.5307
89.2379
131.5327
72.8292
151.454
97.17989999999999
61.7611
17.1086
53.0931
109.2419
28.9958
90.22760000000001
43.5349
52.630199999999995
16.410700000000002
66.0181
117.1341
32.9829
80.07539999999999
95.1104
88.663
43.8915
92.3305
34.7588
74.52289999999999
113.9609
132.9641
114.3665
32.4763
146.21
193.282
139.4197
59.5077
128.6032
33.3113
77.3612
9.7917
83.763
110.2414
81.9641
38.0011
23.125
58.7781
91.5955
44.9327
79.7268
138.6151
26.8872
61.114
160.8939
163.5693
130.0248
51.5664
25.0894
116.4417
176.4692
108.4268
121.6821
166.2988
111.5377
101.3403
45.433699999999995
108.6135
61.533199999999994
75.94189999999999
75.3738
45.987199999999994
219.9733
38.485699999999994
73.0205
171.67839999999998
15.1351
86.8866
41.9261
79.5307
0
95.24589999999999
203.187
90.7091
194.64679999999998
19.025299999999998
133.4154
73.997
59.101099999999995
129.0557
100.65010000000001
93.3743
49.5429
96.0596
88.065
79.80369999999999
57.174
44.0175
86.0834
50.9859
28.702900000000003
44.1132
31.3934
106.4131
80.53089999999999
109.7329
164.11329999999998
109.0438
92.9895
86.2499
187.95929999999998
70.7923
52.8679
148.417
82.6393
68.5577
82.1712
155.41729999999998
181.8957
87.97210000000001
84.0202
94.7793
130.4324
111.4093
50.9407
33.543800000000005
133.2924
62.3209
43.6896
180.70770000000002
235.2236
201.6791
70.6525
74.4494
126.1489
213.5787
136.5453
102.7843
206.2905
10.887
160.6456
72.6683
202.5339
79.127
169.8622
85.081
61.2241
229.6804
95.5183
109.2007
181.3855
109.0555
172.81629999999998
104.5608
89.2379
95.24589999999999
0
220.6381
161.93470000000002
240.5595
105.4095
150.8665
91.4482
45.880900000000004
198.3474
118.10130000000001
179.3331
64.8711
141.7356
105.5162
149.73160000000001
158.7085
68.77560000000001
17.391099999999998
152.5204
130.2374
109.0605
93.9535
123.8643
23.9533
203.0664
222.0696
203.472
67.07430000000001
187.7844
282.3875
141.0428
60.9809
217.70870000000002
122.41669999999999
153.8798
99.6224
172.8684
199.3469
23.257
127.7954
112.2305
147.8835
180.701
58.8136
135.07829999999998
227.7205
107.29260000000001
67.9055
249.99939999999998
252.6747
219.13029999999998
200.2745
182.3905
100.3682
61.64
121.1683
109.125
59.957800000000006
229.3198
127.5186
202.2903
279.4485
152.9029
194.809
132.409
179.74370000000002
46.679300000000005
172.2922
124.668
35.052800000000005
186.4989
157.43929999999997
234.1828
131.5327
203.187
220.6381
0
139.2357
55.5496
221.8791
71.65310000000001
141.8077
177.79229999999998
97.7561
109.2563
133.8105
168.2341
136.5205
116.3378
155.9092
228.1229
157.68210000000002
204.7746
177.6141
199.65179999999998
156.29520000000002
217.02970000000002
101.57419999999999
199.2221
149.1181
72.1738
146.38879999999997
139.7906
257.1988
177.2915
264.1189
184.2069
88.0815
117.2016
159.60129999999998
123.5752
75.08139999999999
22.4317
206.6633
128.0635
125.1522
84.74080000000001
115.8474
169.6319
186.46
122.6245
139.291
185.81320000000002
85.2193
63.003099999999996
34.7639
141.571
123.687
54.0882
87.6302
19.587799999999998
59.062400000000004
77.45989999999999
170.6163
12.501299999999999
143.58679999999998
142.0495
59.494
57.4099
73.7055
121.0402
123.8863
57.9347
43.4744
106.6841
76.1378
20.0403
131.6662
72.8292
90.7091
161.93470000000002
139.2357
0
107.1752
108.7731
69.58810000000001
82.6074
118.5919
41.584199999999996
45.0207
22.5698
109.0337
18.463
57.1374
16.8997
90.567
98.4817
145.5743
40.058099999999996
62.095800000000004
41.024
121.1412
51.47
140.0217
42.8114
76.6417
43.217
92.3642
119.64280000000001
122.13260000000001
131.0633
125.0066
60.9455
35.8882
22.0454
64.3749
64.0254
118.0684
147.4629
36.9929
65.9518
66.60510000000001
23.9378
110.4316
48.9041
67.46560000000001
55.5153
126.61280000000001
93.2362
131.7671
105.4501
220.1959
202.31189999999998
120.28960000000001
20.730400000000003
141.08960000000002
129.0464
38.6604
249.24110000000002
95.7026
222.2117
245.9871
172.8243
148.1768
152.3304
199.6651
32.2984
192.2135
144.58929999999998
54.974199999999996
180.0754
123.97789999999999
254.10410000000002
151.454
194.64679999999998
240.5595
55.5496
107.1752
0
215.34429999999998
91.58739999999999
161.7421
197.72660000000002
66.6538
129.19060000000002
105.6592
188.1684
126.48780000000001
136.2722
124.92439999999999
197.1382
177.6164
224.709
146.6293
168.667
176.2295
236.964
121.5086
219.1564
118.0485
31.1608
115.3193
159.7249
226.214
89
237.6345
204.1413
47.068400000000004
137.1359
128.6165
143.5096
66.85910000000001
60.6415
226.5976
147.99779999999998
145.0865
104.6752
87.6961
189.56629999999998
155.4752
91.555
159.22529999999998
205.7475
31.517400000000002
20.479400000000002
21.2886
31.3908
42.7386
134.0909
194.7236
126.6812
139.3313
184.55329999999998
114.0912
119.5947
25.2581
126.86789999999999
79.7877
94.19630000000001
93.023
48.8434
237.6225
56.7401
91.27489999999999
189.32760000000002
33.3896
105.141
22.7703
97.17989999999999
19.025299999999998
105.4095
221.8791
108.7731
215.34429999999998
0
151.1143
91.6959
65.659
147.2895
118.349
111.6082
67.2418
114.2935
105.76389999999999
98.0375
75.4079
61.7164
88.7897
69.2198
46.936699999999995
62.347
12.4152
124.112
87.91260000000001
127.9667
182.3471
127.2776
110.68839999999999
104.4837
206.19320000000002
51.814099999999996
47.0554
166.65079999999998
100.87310000000001
86.7916
99.87010000000001
173.11620000000002
199.5946
90.6784
102.254
112.4783
148.13129999999998
129.6431
63.833400000000005
51.7776
151.52620000000002
80.5547
42.933699999999995
198.9415
252.9225
219.378
130.50289999999998
112.6189
30.5966
71.29469999999999
51.396699999999996
39.3534
64.0065
159.5482
56.9994
132.51870000000002
209.6769
83.1313
125.03739999999999
62.6374
109.97210000000001
87.3964
102.5206
54.8964
39.1015
116.7273
87.6677
164.4112
61.7611
133.4154
150.8665
71.65310000000001
69.58810000000001
91.58739999999999
151.1143
0
72.8006
108.7852
47.708800000000004
40.249199999999995
66.6926
99.227
67.51339999999999
47.3307
86.9021
159.11579999999998
88.675
135.7675
108.607
130.6447
87.2881
148.0226
32.567099999999996
130.215
111.36030000000001
72.5748
111.76589999999999
70.7835
188.19170000000003
128.2758
195.1118
115.1998
67.07010000000001
48.1945
90.5942
54.5681
23.3737
49.8521
137.6562
59.056400000000004
56.1451
15.7337
48.7295
100.62480000000001
117.4529
73.60889999999999
70.28389999999999
116.8061
99.3608
103.18
69.63560000000001
71.0845
53.2005
54.0195
141.4493
64.41590000000001
59.26
134.1612
100.1298
88.5162
73.1004
163.7136
23.713
138.0567
12.9517
50.5537
157.55110000000002
56.0285
37.071400000000004
109.25619999999999
70.23519999999999
100.687
104.9928
17.1086
73.997
91.4482
141.8077
82.6074
161.7421
91.6959
72.8006
0
43.593
121.2018
40.9556
102.1874
34.034800000000004
64.59
28.3705
72.586
113.3648
23.4828
70.5753
94.4833
84.8936
41.161199999999994
82.8304
46.718599999999995
65.0228
125.9207
144.9239
126.3263
20.699099999999998
142.44060000000002
205.24179999999998
129.9196
50.0076
140.563
45.2711
76.7342
22.4767
95.7228
122.2012
72.464
50.649699999999996
35.084900000000005
70.7379
103.55539999999999
35.4326
75.95739999999999
150.57489999999999
30.146900000000002
51.6139
172.8537
175.5291
141.9846
38.3776
38.3047
90.00410000000001
177.4339
100.4005
95.2445
170.1457
54.5625
124.5008
40.3934
166.3891
42.9822
133.7174
48.9362
17.422099999999997
193.53560000000002
59.3735
73.0559
145.2407
72.91069999999999
136.6715
72.2859
53.0931
59.101099999999995
45.880900000000004
177.79229999999998
118.5919
197.72660000000002
65.659
108.7852
43.593
0
154.7339
74.48780000000001
135.7196
21.2576
98.12219999999999
61.902699999999996
106.11810000000001
115.0951
25.1621
29.1569
108.9069
86.62389999999999
65.447
53.6253
80.2508
23.604400000000002
159.4529
178.4561
159.8585
66.82719999999999
144.1709
238.774
100.7145
19.727400000000003
174.0952
78.8032
110.2663
56.008900000000004
129.255
155.7334
31.0456
84.1819
68.617
104.2701
137.0875
15.2001
91.4648
184.1071
63.6791
22.6018
206.3859
209.0613
175.5168
177.9838
160.0998
90.50089999999999
46.0331
56.0006
95.4752
38.8137
207.029
30.1115
179.99960000000002
180.39610000000002
111.7295
82.6008
110.1183
157.453
82.2893
99.2215
86.5995
64.1377
114.4844
58.386900000000004
170.0128
109.2419
129.0557
198.3474
97.7561
41.584199999999996
66.6538
147.2895
47.708800000000004
121.2018
154.7339
0
81.0536
40.033699999999996
145.0666
60.862300000000005
93.1704
59.2989
131.5126
134.5146
181.6072
81.0038
103.0415
83.4233
162.08689999999999
87.5029
176.0546
53.811099999999996
36.4751
51.081900000000005
128.3971
160.5884
81.9846
172.00889999999998
161.0395
20.7789
77.83019999999999
62.991
100.40780000000001
26.4204
76.4587
183.49579999999997
79.3922
101.9848
63.029199999999996
22.0706
146.4645
89.8497
27.3176
98.4141
162.6457
53.0695
91.6005
65.2835
97.7377
79.8537
21.4681
108.89789999999999
26.8292
26.5945
101.6097
126.7829
50.9295
99.7535
177.4405
50.366099999999996
100.4699
29.8722
77.20689999999999
124.9996
69.7553
22.1311
76.7047
83.9621
63.100300000000004
131.64589999999998
28.9958
100.65010000000001
118.10130000000001
109.2563
45.0207
129.19060000000002
118.349
40.249199999999995
40.9556
74.48780000000001
81.0536
0
62.1177
64.8989
32.5485
13.0027
45.9364
126.2027
54.3469
101.4395
83.0976
97.7316
52.9601
113.6945
11.2229
95.8869
85.8509
109.5315
86.2566
53.0964
155.2786
165.1721
160.78379999999999
80.87180000000001
100.4933
13.2296
65.0849
20.240099999999998
60.3303
86.8087
103.3281
24.0915
21.8171
35.3454
63.4856
66.2968
91.9436
110.5051
35.9558
82.478
132.784
140.13660000000002
106.59219999999999
158.9694
117.1422
71.48660000000001
85.0385
36.9863
76.4609
74.8682
188.0147
11.0972
137.4865
144.71470000000002
76.4958
60.075199999999995
91.1039
138.4386
121.29469999999999
74.93660000000001
67.5852
100.19210000000001
78.803
22.7055
134.3314
90.22760000000001
93.3743
179.3331
133.8105
22.5698
105.6592
111.6082
66.6926
102.1874
135.7196
40.033699999999996
62.1177
0
126.0649
41.8605
74.16860000000001
40.2972
93.3155
115.51289999999999
162.6054
42.8067
64.8443
57.8927
123.88969999999999
68.5012
157.0529
21.1182
75.1038
45.9656
109.3954
122.3913
120.61330000000001
133.81179999999998
142.0377
59.407599999999995
58.8285
24.7939
81.406
62.4874
116.16210000000001
164.4941
60.3904
82.983
83.6363
16.6648
127.4627
51.6526
65.94630000000001
79.41239999999999
143.644
91.6982
130.2292
103.9122
41.504599999999996
28.7464
80.4458
167.87570000000002
90.84230000000001
85.6863
160.5875
73.5528
114.9426
43.5204
156.83079999999998
33.424
124.1592
39.378
20.9738
183.9774
49.8153
63.497699999999995
135.6825
63.3525
127.11330000000001
75.4129
43.5349
49.5429
64.8711
168.2341
109.0337
188.1684
67.2418
99.227
34.034800000000004
21.2576
145.0666
64.8989
126.0649
0
88.439
52.2195
96.435
105.41189999999999
15.479
48.212
99.2238
76.94069999999999
55.7639
57.3672
70.5676
42.6595
149.7697
168.7729
150.1753
57.144
134.48770000000002
229.0909
104.4565
24.5445
164.4121
69.12010000000001
100.58319999999999
46.3258
119.5718
146.05020000000002
50.100699999999996
74.4988
58.9339
94.5869
127.4044
9.9695
81.78160000000001
174.4239
53.996
26.1507
196.70270000000002
199.37810000000002
165.83360000000002
121.372
103.488
48.7323
105.86710000000001
37.8248
53.972699999999996
95.6968
150.41729999999998
30.7382
123.3878
147.4
53.237199999999994
75.52560000000001
53.5065
100.8412
152.2639
57.613800000000005
28.107200000000002
103.969
81.48830000000001
38.1559
137.01670000000001
52.630199999999995
96.0596
141.7356
136.5205
18.463
126.48780000000001
114.2935
67.51339999999999
64.59
98.12219999999999
60.862300000000005
32.5485
41.8605
88.439
0
36.7809
16.431099999999997
96.0322
78.1251
125.2177
45.5234
67.561
40.5554
126.6064
38.5805
119.66510000000001
60.9243
94.7547
61.33
76.8746
125.108
140.2455
136.5285
104.65
79.05839999999999
20.468400000000003
27.7742
44.0183
82.1383
114.0631
127.1063
30.3734
45.5952
62.5998
42.0507
90.075
54.3693
85.5785
40.0955
106.25619999999999
111.3491
167.391
133.8465
85.1525
67.2685
28.549599999999998
115.9794
38.946
33.79
108.6913
114.1978
63.0463
87.1683
164.8553
37.7809
112.5867
17.287
64.6217
132.0811
57.170199999999994
10.556899999999999
83.7862
71.37689999999999
75.2171
119.0608
16.410700000000002
88.065
105.5162
116.3378
57.1374
136.2722
105.76389999999999
47.3307
28.3705
61.902699999999996
93.1704
13.0027
74.16860000000001
52.2195
36.7809
0
43.5266
113.6524
41.7966
88.8891
72.6189
85.1812
40.409699999999994
101.1442
18.6387
83.3366
97.8408
116.844
98.2464
40.546099999999996
142.72820000000002
177.162
148.2334
68.3214
112.48310000000001
17.191200000000002
54.869699999999995
7.6897
67.6429
94.1213
90.7778
21.590400000000002
9.2667
42.658
75.4755
53.7464
81.4648
122.495
23.4055
69.9277
144.7738
147.44920000000002
113.90469999999999
129.368
72.39389999999999
70.76169999999999
104.30380000000001
36.2614
75.736
94.1334
158.4133
29.1749
92.73819999999999
131.1441
49.4661
66.2561
61.5025
108.8372
140.5599
47.906800000000004
33.0991
123.3577
65.2324
28.886400000000002
120.7608
66.0181
79.80369999999999
149.73160000000001
155.9092
16.8997
124.92439999999999
98.0375
86.9021
72.586
106.11810000000001
59.2989
45.9364
40.2972
96.435
16.431099999999997
43.5266
0
79.7672
86.1005
133.193
29.2584
51.296099999999996
30.8455
110.3415
51.9594
127.6404
51.6607
93.08739999999999
52.066300000000005
89.21860000000001
108.8431
130.9818
120.2635
112.62530000000001
77.39110000000001
33.847300000000004
11.5092
51.401300000000006
80.471
134.8615
135.0817
22.5757
52.978300000000004
83.3982
40.3834
98.05030000000001
38.1043
76.3149
45.262
114.2316
109.68180000000001
148.2127
121.89569999999999
107.4189
80.94189999999999
142.9754
176.5175
108.47510000000001
147.9497
166.3471
167.39020000000002
101.38860000000001
101.2862
51.597699999999996
90.8669
61.2068
109.31039999999999
101.8397
212.77360000000002
67.81939999999999
102.35419999999999
195.57139999999998
42.6027
86.9349
69.1955
117.1341
57.174
158.7085
228.1229
90.567
197.1382
75.4079
159.11579999999998
113.3648
115.0951
131.5126
126.2027
93.3155
105.41189999999999
96.0322
113.6524
79.7672
0
99.9254
141.9914
50.9463
28.512900000000002
73.4092
87.856
131.8234
136.4388
98.1828
164.0737
94.3682
131.326
29.3023
173.2837
40.7228
108.7758
148.3774
111.9353
68.5181
107.5815
151.45729999999998
206.77720000000002
143.88
102.17360000000001
120.1897
155.3139
111.3697
106.8487
58.3936
118.6167
91.6169
99.5975
180.6681
219.199
192.882
48.412
23.221
69.89389999999999
157.3237
80.2903
75.1343
150.0355
77.4572
104.3906
43.565400000000004
151.3055
22.7411
118.63380000000001
28.826
27.8812
173.4254
44.2899
52.945699999999995
125.1305
57.8271
116.5613
75.3564
32.9829
44.0175
68.77560000000001
157.68210000000002
98.4817
177.6164
61.7164
88.675
23.4828
25.1621
134.5146
54.3469
115.51289999999999
15.479
78.1251
41.7966
86.1005
99.9254
0
52.057199999999995
93.7791
71.49610000000001
45.2184
57.3262
60.0221
46.504599999999996
139.22420000000002
158.2275
139.6299
46.5985
129.043
218.5454
104.41539999999999
31.4895
153.8666
58.5746
90.0377
35.780300000000004
109.0263
135.5047
53.945800000000006
63.953300000000006
48.388400000000004
84.0414
116.85889999999999
16.9145
76.337
163.8784
43.4505
33.095699999999994
186.1573
188.8326
155.28820000000002
61.5084
65.287
116.98639999999999
204.4162
127.3828
122.2268
197.12810000000002
26.0727
151.4831
63.5242
193.3714
69.9645
160.6997
75.9185
52.08
220.5179
86.3558
100.0383
172.223
99.893
163.6539
95.4166
80.07539999999999
86.0834
17.391099999999998
204.7746
145.5743
224.709
88.7897
135.7675
70.5753
29.1569
181.6072
101.4395
162.6054
48.212
125.2177
88.8891
133.193
141.9914
52.057199999999995
0
135.8437
113.56060000000001
92.38380000000001
77.27680000000001
107.1875
24.9961
186.3896
205.3928
186.79520000000002
93.76389999999999
171.10760000000002
265.71070000000003
124.366
44.3041
201.0319
105.74
137.2031
82.9456
156.19170000000003
182.67010000000002
6.5802
111.1186
95.55380000000001
131.2068
164.02429999999998
42.1368
118.4015
211.04379999999998
90.6159
51.228699999999996
233.3226
235.998
202.4535
101.2307
74.7538
92.4666
126.0086
57.966300000000004
97.4409
115.8383
161.202
50.8797
95.0981
102.3263
70.4521
73.7957
83.39989999999999
95.6516
162.26479999999998
38.790099999999995
62.1914
145.0626
36.4146
36.426
91.943
95.1104
50.9859
152.5204
177.6141
40.058099999999996
146.6293
69.2198
108.607
94.4833
108.9069
81.0038
83.0976
42.8067
99.2238
45.5234
72.6189
29.2584
50.9463
93.7791
135.8437
0
22.4878
51.8935
81.5332
89.68260000000001
130.116
59.1971
113.5775
59.6027
111.10010000000001
80.0348
138.5182
91.45530000000001
102.453
97.88119999999999
62.949
18.021900000000002
80.5031
100.9611
156.2811
137.55720000000002
51.6774
82.08
104.8178
60.8735
100.5259
9.296100000000001
83.85130000000001
65.8159
93.2747
130.1719
168.7028
142.3858
78.9477
52.470699999999994
114.5043
148.0463
80.00389999999999
119.4785
137.876
138.919
72.9174
72.815
79.8929
62.3958
47.1722
80.83919999999999
73.3686
184.3024
39.3482
73.883
167.1002
14.1316
58.463699999999996
69.66
88.663
28.702900000000003
130.2374
199.65179999999998
62.095800000000004
168.667
46.936699999999995
130.6447
84.8936
86.62389999999999
103.0415
97.7316
64.8443
76.94069999999999
67.561
85.1812
51.296099999999996
28.512900000000002
71.49610000000001
113.56060000000001
22.4878
0
44.9454
59.392199999999995
103.3596
107.975
81.2
135.5804
80.34089999999999
102.8623
57.5961
159.25639999999999
69.01660000000001
80.312
119.8841
83.4715
40.024800000000006
79.1177
122.964
178.284
115.4162
73.6803
91.7259
126.8207
82.87639999999999
78.38489999999999
29.900299999999998
104.5895
63.1531
71.13369999999999
152.17479999999998
190.7057
164.38879999999997
88.6969
41.5912
68.507
155.93679999999998
61.194
73.7474
118.2578
117.7422
53.2992
61.9355
124.7892
18.6633
88.8817
36.067699999999995
68.1661
172.0385
17.1041
29.1115
123.7436
31.3108
51.512
85.0702
43.8915
44.1132
109.0605
156.29520000000002
41.024
176.2295
62.347
87.2881
41.161199999999994
65.447
83.4233
52.9601
57.8927
55.7639
40.5554
40.409699999999994
30.8455
73.4092
45.2184
92.38380000000001
51.8935
44.9454
0
74.6725
58.5552
82.7118
74.332
117.3159
74.7376
63.6329
102.4595
153.6531
114.0714
67.69669999999999
101.6196
38.6671
34.1806
34.313300000000005
107.5594
134.03779999999998
90.153
40.048
46.9214
82.5745
64.612
53.1216
35.9763
98.9862
18.3487
69.3029
133.91029999999998
187.3656
153.8212
19.9348
34.3544
129.2415
216.6713
139.6379
134.4819
209.3831
102.63510000000001
131.9628
13.802100000000001
139.236
67.9573
106.56439999999999
88.17360000000001
37.3874
232.773
69.1082
103.643
184.4781
45.7577
117.5091
19.042
92.3305
31.3934
93.9535
217.02970000000002
121.1412
236.964
12.4152
148.0226
82.8304
53.6253
162.08689999999999
113.6945
123.88969999999999
57.3672
126.6064
101.1442
110.3415
87.856
57.3262
77.27680000000001
81.5332
59.392199999999995
74.6725
0
119.3186
76.44919999999999
140.32739999999998
194.7078
139.6383
105.89489999999999
116.8444
218.5538
48.0409
35.5919
179.0115
117.871
99.1522
95.0767
168.3227
194.80110000000002
79.215
114.6147
107.68480000000001
143.3378
142.00379999999998
52.3699
64.1383
163.8869
92.91539999999999
31.470299999999998
211.3022
248.129
214.5846
103.5006
85.6166
13.786
101.21589999999999
33.2786
17.282700000000002
93.9277
132.5459
57.3789
105.51639999999999
183.2034
56.1291
106.9193
35.6351
82.9698
117.3176
75.5183
27.894099999999998
69.0227
89.72510000000001
69.54960000000001
137.4089
34.7588
106.4131
123.8643
101.57419999999999
51.47
121.5086
124.112
32.567099999999996
46.718599999999995
80.2508
87.5029
11.2229
68.5012
70.5676
38.5805
18.6387
51.9594
131.8234
60.0221
107.1875
89.68260000000001
103.3596
58.5552
119.3186
0
101.1555
91.7602
102.8975
92.1658
51.5472
160.5471
171.0813
166.0523
86.1404
106.4025
19.135
70.9941
25.508599999999998
53.6963
80.1747
108.5967
29.9969
27.0856
28.7114
69.3948
71.56530000000001
97.8528
116.4143
41.2244
87.7466
138.69320000000002
133.5026
99.95819999999999
60.6312
59.7344
111.4338
198.86370000000002
121.83030000000001
116.6743
191.5755
26.8797
145.9306
62.647
187.81879999999998
64.412
155.1472
70.366
39.6757
214.9654
80.80330000000001
94.4857
166.6705
94.3405
158.10129999999998
94.5395
74.52289999999999
80.53089999999999
23.9533
199.2221
140.0217
219.1564
87.91260000000001
130.215
65.0228
23.604400000000002
176.0546
95.8869
157.0529
42.6595
119.66510000000001
83.3366
127.6404
136.4388
46.504599999999996
24.9961
130.116
107.975
82.7118
76.44919999999999
101.1555
0
180.79829999999998
199.8016
181.204
59.2229
165.5163
260.1195
122.9169
41.9298
195.44070000000002
100.14869999999999
131.6118
77.3544
150.6004
177.0788
30.8413
105.5274
89.9625
125.6155
158.433
36.5456
112.8103
205.4525
85.0246
44.804199999999994
227.7314
230.4067
196.86229999999998
182.70270000000002
133.50070000000002
95.2199
97.4278
60.7195
100.1941
90.17569999999999
211.748
53.633
153.845
149.56279999999998
92.8544
36.874300000000005
114.8372
162.1719
133.684
91.2951
91.3184
115.49969999999999
95.1616
22.9145
150.69
113.9609
109.7329
203.0664
149.1181
42.8114
118.0485
127.9667
111.36030000000001
125.9207
159.4529
53.811099999999996
85.8509
21.1182
149.7697
60.9243
97.8408
51.6607
98.1828
139.22420000000002
186.3896
59.1971
81.2
74.332
140.32739999999998
91.7602
180.79829999999998
0
87.5727
7.3465
133.29070000000002
127.223
81.9046
138.6435
165.933
71.8765
82.7237
41.2601
105.3013
78.9707
158.9949
188.3894
74.14280000000001
106.8783
107.53160000000001
63.587300000000006
151.358
68.11880000000001
27.2377
88.2813
167.5393
104.1671
142.6981
116.3811
201.70589999999999
183.8219
101.7997
10.5401
91.0582
110.5564
10.094899999999999
230.7512
65.1691
203.7218
215.4537
154.3344
117.6433
133.8404
181.17510000000001
46.7962
134.2791
126.09939999999999
35.4988
149.542
93.4445
205.0704
132.9641
164.11329999999998
222.0696
72.1738
76.6417
31.1608
182.3471
72.5748
144.9239
178.4561
36.4751
109.5315
75.1038
168.7729
94.7547
116.844
93.08739999999999
164.0737
158.2275
205.3928
113.5775
135.5804
117.3159
194.7078
102.8975
199.8016
87.5727
0
84.81410000000001
141.24329999999998
195.7088
115.7168
207.1293
185.65970000000002
16.563299999999998
112.95060000000001
98.11139999999999
125.028
38.4215
50.8074
208.116
114.5125
126.6049
86.1936
57.1909
171.0847
124.9701
61.049800000000005
140.74370000000002
187.2659
48.854
51.0442
29.464
159.2886
132.8117
95.6255
94.6986
61.1252
100.5998
87.4465
212.1536
54.038599999999995
153.156
145.74820000000003
93.26
33.0597
115.24289999999999
162.5775
130.9547
91.7008
91.7241
112.7704
94.4725
23.3202
150.0009
114.3665
109.0438
203.472
146.38879999999997
43.217
115.3193
127.2776
111.76589999999999
126.3263
159.8585
51.081900000000005
86.2566
45.9656
150.1753
61.33
98.2464
52.066300000000005
94.3682
139.6299
186.79520000000002
59.6027
80.34089999999999
74.7376
139.6383
92.1658
181.204
7.3465
84.81410000000001
0
133.7751
123.52839999999999
79.25580000000001
134.94889999999998
166.4175
69.22760000000001
83.20819999999999
41.7445
105.78569999999999
76.3219
126.36019999999999
188.8738
74.6272
107.3627
108.016
64.0718
151.8424
68.6032
24.588900000000002
88.7657
168.02370000000002
101.5183
140.0493
113.73230000000001
90.077
72.193
39.4989
139.43220000000002
74.17280000000001
38.6978
132.144
70.0007
98.2731
92.0928
182.7061
42.7055
147.8135
29.1938
69.5462
155.5339
75.0209
56.063900000000004
107.239
89.2277
110.4438
123.98530000000001
32.4763
92.9895
67.07430000000001
139.7906
92.3642
159.7249
110.68839999999999
70.7835
20.699099999999998
66.82719999999999
128.3971
53.0964
109.3954
57.144
76.8746
40.546099999999996
89.21860000000001
131.326
46.5985
93.76389999999999
111.10010000000001
102.8623
63.6329
105.89489999999999
51.5472
59.2229
133.29070000000002
141.24329999999998
133.7751
0
161.6176
212.88170000000002
149.0966
69.1846
148.2029
57.308699999999995
112.7945
41.6537
94.7217
121.2001
91.641
61.9985
37.936
60.3389
111.1952
54.6096
95.1344
158.21470000000002
49.3239
70.7909
180.49360000000001
174.528
140.9835
136.49470000000002
110.01769999999999
172.05120000000002
205.5933
137.55089999999998
177.0255
195.423
196.466
130.46439999999998
130.362
22.8655
119.9427
90.2826
138.3862
130.9155
241.8494
96.8952
131.43
224.6472
71.6786
116.0107
93.8596
146.21
86.2499
187.7844
257.1988
119.64280000000001
226.214
104.4837
188.19170000000003
142.44060000000002
144.1709
160.5884
155.2786
122.3913
134.48770000000002
125.108
142.72820000000002
108.8431
29.3023
129.043
171.10760000000002
80.0348
57.5961
102.4595
116.8444
160.5471
165.5163
127.223
195.7088
123.52839999999999
161.6176
0
201.34629999999999
65.4528
137.7997
177.4013
140.9592
97.542
136.6054
180.4812
235.80110000000002
172.9039
131.1975
149.2136
184.3378
140.3936
135.8726
87.4175
147.6406
120.6408
128.6214
209.692
248.22289999999998
221.9059
238.2041
211.7272
174.541
125.60130000000001
140.04070000000002
179.5153
118.3492
291.0691
110.6785
232.0715
195.57379999999998
172.1755
111.9752
194.1584
241.4931
161.85739999999998
170.6163
170.6396
143.6731
173.388
102.2357
228.91639999999998
193.282
187.95929999999998
282.3875
177.2915
122.13260000000001
89
206.19320000000002
128.2758
205.24179999999998
238.774
81.9846
165.1721
120.61330000000001
229.0909
140.2455
177.162
130.9818
173.2837
218.5454
265.71070000000003
138.5182
159.25639999999999
153.6531
218.5538
171.0813
260.1195
81.9046
115.7168
79.25580000000001
212.88170000000002
201.34629999999999
0
213.7811
245.24960000000002
100.0345
162.0403
120.5767
184.6179
107.1287
157.167
267.706
153.4594
186.1949
143.7375
102.7789
230.6746
147.4354
55.1156
167.59789999999998
246.8559
58.0162
102.1867
144.53910000000002
67.024
81.4436
176.3307
217.01379999999997
148.9714
181.5711
206.8434
149.7244
141.8849
60.891400000000004
87.8089
131.55470000000003
101.7031
135.2628
84.4766
279.8623
108.5072
143.0419
231.5674
85.15660000000001
127.4312
29.5265
139.4197
70.7923
141.0428
264.1189
131.0633
237.6345
51.814099999999996
195.1118
129.9196
100.7145
172.00889999999998
160.78379999999999
133.81179999999998
104.4565
136.5285
148.2334
120.2635
40.7228
104.41539999999999
124.366
91.45530000000001
69.01660000000001
114.0714
48.0409
166.0523
122.9169
138.6435
207.1293
134.94889999999998
149.0966
65.4528
213.7811
0
82.712
188.97879999999998
152.6261
109.1195
142.19670000000002
192.05870000000002
241.9212
126.335
142.775
154.8049
190.4579
151.9711
99.49
98.995
159.21820000000002
132.3077
78.5903
221.2695
259.80039999999997
261.7046
19.774
28.052
96.4187
183.8485
106.8151
101.6592
176.5604
69.6625
130.9154
21.7898
160.1558
49.396800000000006
127.4842
55.3509
10.842799999999999
199.9503
53.1402
79.4706
151.6554
66.6775
143.08620000000002
53.682300000000005
59.5077
52.8679
60.9809
184.2069
125.0066
204.1413
47.0554
115.1998
50.0076
19.727400000000003
161.0395
80.87180000000001
142.0377
24.5445
104.65
68.3214
112.62530000000001
108.7758
31.4895
44.3041
102.453
80.312
67.69669999999999
35.5919
86.1404
41.9298
165.933
185.65970000000002
166.4175
69.1846
137.7997
245.24960000000002
82.712
0
180.3885
85.0965
116.5596
62.302099999999996
135.5482
162.0266
46.218599999999995
90.4752
74.9103
110.5633
143.3808
19.5954
85.0472
190.4003
69.9724
9.5202
212.6791
215.3545
181.81
197.3451
179.46110000000002
109.8622
26.4477
75.36189999999999
114.8365
26.0025
226.3903
49.4728
199.3609
199.7574
131.0908
101.947
129.4796
176.8142
62.703900000000004
118.5828
105.9608
51.406400000000005
133.84570000000002
77.7482
189.3741
128.6032
148.417
217.70870000000002
88.0815
60.9455
47.068400000000004
166.65079999999998
67.07010000000001
140.563
174.0952
20.7789
100.4933
59.407599999999995
164.4121
79.05839999999999
112.48310000000001
77.39110000000001
148.3774
153.8666
201.0319
97.88119999999999
119.8841
101.6196
179.0115
106.4025
195.44070000000002
71.8765
16.563299999999998
69.22760000000001
148.2029
177.4013
100.0345
188.97879999999998
180.3885
0
97.30030000000001
82.4611
119.87780000000001
45.8905
66.6823
202.9659
98.8623
121.4548
82.4992
41.540699999999994
165.9345
109.3198
45.3995
117.88419999999999
182.11579999999998
32.2907
70.8216
45.338800000000006
102.0531
84.1691
29.413400000000003
116.8432
23.605900000000002
34.653800000000004
109.55510000000001
131.0984
47.7061
104.0689
163.31529999999998
34.9119
97.2466
34.187599999999996
81.5223
132.9449
55.630199999999995
9.782
84.65
69.837
59.8769
123.59639999999999
33.3113
82.6393
122.41669999999999
117.2016
35.8882
137.1359
100.87310000000001
48.1945
45.2711
78.8032
77.83019999999999
13.2296
58.8285
69.12010000000001
20.468400000000003
17.191200000000002
33.847300000000004
111.9353
58.5746
105.74
62.949
83.4715
38.6671
117.871
19.135
100.14869999999999
82.7237
112.95060000000001
83.20819999999999
57.308699999999995
140.9592
162.0403
152.6261
85.0965
97.30030000000001
0
45.199400000000004
24.6993
68.2657
94.74419999999999
107.78739999999999
12.011299999999999
26.2763
43.280800000000006
60.3206
70.756
71.7945
107.3401
21.7333
86.93730000000001
129.6189
148.072
114.5276
118.8025
92.32560000000001
74.4538
107.99589999999999
39.9535
79.4281
97.8255
162.5614
32.8669
112.6699
119.8981
52.7029
55.7829
65.6507
112.9854
144.252
51.143699999999995
44.4422
127.0498
53.9864
18.4132
109.51480000000001
77.3612
68.5577
153.8798
159.60129999999998
22.0454
128.6165
86.7916
90.5942
76.7342
110.2663
62.991
65.0849
24.7939
100.58319999999999
27.7742
54.869699999999995
11.5092
68.5181
90.0377
137.2031
18.021900000000002
40.024800000000006
34.1806
99.1522
70.9941
131.6118
41.2601
98.11139999999999
41.7445
112.7945
97.542
120.5767
109.1195
116.5596
82.4611
45.199400000000004
0
62.7557
82.9392
138.25910000000002
139.2158
33.930099999999996
64.3327
86.7958
42.8516
102.1844
26.858700000000002
65.8293
48.0685
118.3657
112.15
150.6809
124.3639
79.25880000000001
61.3748
35.787
123.2168
46.1834
41.0274
115.92869999999999
108.304
70.2837
81.2746
158.9615
31.8872
119.8241
11.3933
58.7279
139.3186
51.2764
18.246599999999997
91.02369999999999
65.4832
82.4545
113.167
9.7917
82.1712
99.6224
123.5752
64.3749
143.5096
99.87010000000001
54.5681
22.4767
56.008900000000004
100.40780000000001
20.240099999999998
81.406
46.3258
44.0183
7.6897
51.401300000000006
107.5815
35.780300000000004
82.9456
80.5031
79.1177
34.313300000000005
95.0767
25.508599999999998
77.3544
105.3013
125.028
105.78569999999999
41.6537
136.6054
184.6179
142.19670000000002
62.302099999999996
119.87780000000001
24.6993
62.7557
0
74.95689999999999
101.4353
84.7698
29.195
14.319
49.972
82.7895
47.7384
70.23710000000001
129.809
17.3975
63.9197
152.0878
154.7632
121.2188
152.5048
134.62079999999997
52.5985
46.2384
73.3986
61.3553
29.322200000000002
181.55010000000001
52.552699999999994
154.5206
202.8373
105.1332
109.0413
84.6393
131.974
90.8248
124.5225
76.8983
42.529900000000005
138.72920000000002
80.8281
186.41310000000001
83.763
155.41729999999998
172.8684
75.08139999999999
64.0254
66.85910000000001
173.11620000000002
23.3737
95.7228
129.255
26.4204
60.3303
62.4874
119.5718
82.1383
67.6429
80.471
151.45729999999998
109.0263
156.19170000000003
100.9611
122.964
107.5594
168.3227
53.6963
150.6004
78.9707
38.4215
76.3219
94.7217
180.4812
107.1287
192.05870000000002
135.5482
45.8905
68.2657
82.9392
74.95689999999999
0
53.2868
159.333
80.7332
77.8219
37.4105
44.3845
122.30160000000001
112.1636
51.1616
91.9607
138.4829
76.9135
106.6147
73.0703
178.9832
161.09920000000002
79.077
40.348699999999994
99.877
87.8337
38.6665
208.0285
106.2273
180.999
258.15729999999996
131.6116
173.51770000000002
111.1177
158.45239999999998
56.4505
151.0009
103.3767
13.7615
165.2076
136.148
212.8915
110.2414
181.8957
199.3469
22.4317
118.0684
60.6415
199.5946
49.8521
122.2012
155.7334
76.4587
86.8087
116.16210000000001
146.05020000000002
114.0631
94.1213
134.8615
206.77720000000002
135.5047
182.67010000000002
156.2811
178.284
134.03779999999998
194.80110000000002
80.1747
177.0788
158.9949
50.8074
126.36019999999999
121.2001
235.80110000000002
157.167
241.9212
162.0266
66.6823
94.74419999999999
138.25910000000002
101.4353
53.2868
0
185.3284
106.7286
103.8173
63.406
94.5126
148.2971
165.1252
101.2897
117.9561
164.4783
91.5945
72.81660000000001
39.2721
63.397
67.1756
118.8751
206.3049
129.2715
124.1155
199.01670000000001
31.938599999999997
153.37179999999998
65.4128
195.26
71.8532
162.5884
77.8072
53.968599999999995
222.4066
88.2445
101.92689999999999
174.1117
101.7817
165.5425
97.3053
81.9641
87.97210000000001
23.257
206.6633
147.4629
226.5976
90.6784
137.6562
72.464
31.0456
183.49579999999997
103.3281
164.4941
50.100699999999996
127.1063
90.7778
135.0817
143.88
53.945800000000006
6.5802
137.55720000000002
115.4162
90.153
79.215
108.5967
30.8413
188.3894
208.116
188.8738
91.641
172.9039
267.706
126.335
46.218599999999995
202.9659
107.78739999999999
139.2158
84.7698
159.333
185.3284
0
112.92989999999999
97.365
133.018
165.8355
43.9481
120.2128
212.855
92.42710000000001
53.04
235.13389999999998
237.8092
204.26479999999998
107.43180000000001
89.54780000000001
40.2753
127.7051
34.467699999999994
45.515699999999995
120.4169
136.477
49.2681
109.44760000000001
153.55360000000002
36.2928
88.66560000000001
39.566300000000005
86.9009
143.80679999999998
57.0111
11.1629
95.5119
71.2179
51.296
124.9773
38.0011
84.0202
127.7954
128.0635
36.9929
147.99779999999998
102.254
59.056400000000004
50.649699999999996
84.1819
79.3922
24.0915
60.3904
74.4988
30.3734
21.590400000000002
22.5757
102.17360000000001
63.953300000000006
111.1186
51.6774
73.6803
40.048
114.6147
29.9969
105.5274
74.14280000000001
114.5125
74.6272
61.9985
131.1975
153.4594
142.775
90.4752
98.8623
12.011299999999999
33.930099999999996
29.195
80.7332
106.7286
112.92989999999999
0
30.9253
54.144
60.6585
75.99719999999999
60.397
98.6076
23.2089
92.1785
129.95680000000002
158.9352
125.3908
91.8669
73.9829
37.364
124.7938
47.760400000000004
39.634699999999995
117.50569999999999
120.91210000000001
71.8607
93.8827
171.5697
44.4953
121.4011
24.0014
71.3361
140.8955
63.8846
19.8236
92.6006
78.0913
84.0315
125.77510000000001
23.125
94.7793
112.2305
125.1522
65.9518
145.0865
112.4783
56.1451
35.084900000000005
68.617
101.9848
21.8171
82.983
58.9339
45.5952
9.2667
52.978300000000004
120.1897
48.388400000000004
95.55380000000001
82.08
91.7259
46.9214
107.68480000000001
27.0856
89.9625
106.8783
126.6049
107.3627
37.936
149.2136
186.1949
154.8049
74.9103
121.4548
26.2763
64.3327
14.319
77.8219
103.8173
97.365
30.9253
0
51.6496
84.4671
60.3461
82.8448
131.4866
30.005200000000002
76.5274
153.7655
156.4408
122.8964
127.51989999999999
109.63589999999999
20.8793
84.38239999999999
48.4137
26.9725
77.0943
156.5652
72.514
129.5357
206.69389999999999
80.1483
122.0544
59.6544
106.98910000000001
100.4842
99.53760000000001
51.9134
52.1893
113.74430000000001
84.68469999999999
161.4282
58.7781
130.4324
147.8835
84.74080000000001
66.60510000000001
104.6752
148.13129999999998
15.7337
70.7379
104.2701
63.029199999999996
35.3454
83.6363
94.5869
62.5998
42.658
83.3982
155.3139
84.0414
131.2068
104.8178
126.8207
82.5745
143.3378
28.7114
125.6155
107.53160000000001
86.1936
108.016
60.3389
184.3378
143.7375
190.4579
110.5633
82.4992
43.280800000000006
86.7958
49.972
37.4105
63.406
133.018
54.144
51.6496
0
70.0592
95.67739999999999
112.5055
94.9385
65.3364
111.85860000000001
120.6905
123.4145
89.87010000000001
160.3374
142.4534
72.8545
67.07539999999999
38.3542
77.8288
56.9051
189.3826
12.4651
162.35320000000002
162.74970000000002
94.0831
78.11019999999999
92.47189999999999
139.8066
103.33160000000001
81.5751
68.9531
82.229
96.838
40.7405
152.3664
91.5955
111.4093
180.701
115.8474
23.9378
87.6961
129.6431
48.7295
103.55539999999999
137.0875
22.0706
63.4856
16.6648
127.4044
42.0507
75.4755
40.3834
111.3697
116.85889999999999
164.02429999999998
60.8735
82.87639999999999
64.612
142.00379999999998
69.3948
158.433
63.587300000000006
57.1909
64.0718
111.1952
140.3936
102.7789
151.9711
143.3808
41.540699999999994
60.3206
42.8516
82.7895
44.3845
94.5126
165.8355
60.6585
84.4671
70.0592
0
128.831
72.2163
47.9246
80.7807
145.01229999999998
73.67660000000001
112.2075
85.8905
36.552
30.144299999999998
81.8437
169.2735
92.24010000000001
87.0841
161.9854
67.4952
116.34039999999999
38.567800000000005
158.2287
34.8218
125.557
40.775800000000004
16.0212
185.37529999999998
51.2131
64.8956
137.0804
64.75030000000001
128.5112
70.4602
44.9327
50.9407
58.8136
169.6319
110.4316
189.56629999999998
63.833400000000005
100.62480000000001
35.4326
15.2001
146.4645
66.2968
127.4627
9.9695
90.075
53.7464
98.05030000000001
106.8487
16.9145
42.1368
100.5259
78.38489999999999
53.1216
52.3699
71.56530000000001
36.5456
151.358
171.0847
151.8424
54.6096
135.8726
230.6746
99.49
19.5954
165.9345
70.756
102.1844
47.7384
122.30160000000001
148.2971
43.9481
75.99719999999999
60.3461
95.67739999999999
128.831
0
83.2025
175.8448
55.4169
21.169
198.1236
200.799
167.2545
83.7886
57.3116
101.3125
134.8545
66.81219999999999
106.2868
124.6842
143.7599
59.7256
77.65589999999999
109.7736
53.4596
82.64160000000001
71.903
78.2095
171.1107
30.412
71.0373
153.9085
20.7415
45.2719
74.50089999999999
79.7268
33.543800000000005
135.07829999999998
186.46
48.9041
155.4752
51.7776
117.4529
75.95739999999999
91.4648
89.8497
91.9436
51.6526
81.78160000000001
54.3693
81.4648
38.1043
58.3936
76.337
118.4015
9.296100000000001
29.900299999999998
35.9763
64.1383
97.8528
112.8103
68.11880000000001
124.9701
68.6032
95.1344
87.4175
147.4354
98.995
85.0472
109.3198
71.7945
26.858700000000002
70.23710000000001
112.1636
165.1252
120.2128
60.397
82.8448
112.5055
72.2163
83.2025
0
92.72619999999999
54.184
75.8446
139.0468
177.57770000000002
151.2608
183.5372
157.0602
119.87410000000001
70.93430000000001
85.3737
124.84830000000001
63.682199999999995
236.40220000000002
56.0116
177.4045
169.99679999999998
117.5086
57.3083
139.4914
186.8261
107.1904
115.94930000000001
115.9726
89.0061
118.721
47.5687
174.24939999999998
138.6151
133.2924
227.7205
122.6245
67.46560000000001
91.555
151.52620000000002
73.60889999999999
150.57489999999999
184.1071
27.3176
110.5051
65.94630000000001
174.4239
85.5785
122.495
76.3149
118.6167
163.8784
211.04379999999998
83.85130000000001
104.5895
98.9862
163.8869
116.4143
205.4525
27.2377
61.049800000000005
24.588900000000002
158.21470000000002
147.6406
55.1156
159.21820000000002
190.4003
45.3995
107.3401
65.8293
129.809
51.1616
101.2897
212.855
98.6076
131.4866
94.9385
47.9246
175.8448
92.72619999999999
0
112.8917
192.14970000000002
77.619
116.14989999999999
89.8329
86.929
69.045
51.5027
138.9326
44.189800000000005
56.743199999999995
131.6444
115.9742
68.29
88.9448
142.99689999999998
13.2491
102.8041
19.0635
66.3982
155.0343
35.311800000000005
12.1072
106.73939999999999
49.5186
65.4344
103.278
26.8872
62.3209
107.29260000000001
139.291
55.5153
159.22529999999998
80.5547
70.28389999999999
30.146900000000002
63.6791
98.4141
35.9558
79.41239999999999
53.996
40.0955
23.4055
45.262
91.6169
43.4505
90.6159
65.8159
63.1531
18.3487
92.91539999999999
41.2244
85.0246
88.2813
140.74370000000002
88.7657
49.3239
120.6408
167.59789999999998
132.3077
69.9724
117.88419999999999
21.7333
48.0685
17.3975
91.9607
117.9561
92.42710000000001
23.2089
30.005200000000002
65.3364
80.7807
55.4169
54.184
112.8917
0
71.64160000000001
150.1324
170.3614
136.817
15.6524
18.835
98.025
185.45479999999998
108.42139999999999
103.2654
178.16660000000002
76.5871
132.5217
17.668200000000002
150.9775
51.003099999999996
118.3059
56.9571
6.1708
201.5565
43.962
81.0768
153.26160000000002
57.499199999999995
144.6924
49.5606
61.114
43.6896
67.9055
185.81320000000002
126.61280000000001
205.7475
42.933699999999995
116.8061
51.6139
22.6018
162.6457
82.478
143.644
26.1507
106.25619999999999
69.9277
114.2316
99.5975
33.095699999999994
51.228699999999996
93.2747
71.13369999999999
69.3029
31.470299999999998
87.7466
44.804199999999994
167.5393
187.2659
168.02370000000002
70.7909
128.6214
246.8559
78.5903
9.5202
182.11579999999998
86.93730000000001
118.3657
63.9197
138.4829
164.4783
53.04
92.1785
76.5274
111.85860000000001
145.01229999999998
21.169
75.8446
192.14970000000002
71.64160000000001
0
214.2699
216.94529999999997
183.40079999999998
229.6358
211.7517
142.1529
51.623599999999996
107.6526
147.12720000000002
58.2932
258.681
81.7635
231.6516
232.0481
163.38139999999999
134.23770000000002
161.7703
209.1049
63.2504
150.8735
138.2515
85.8673
166.13639999999998
110.0389
221.66479999999999
160.8939
180.70770000000002
249.99939999999998
85.2193
93.2362
31.517400000000002
198.9415
99.3608
172.8537
206.3859
53.0695
132.784
91.6982
196.70270000000002
111.3491
144.7738
109.68180000000001
180.6681
186.1573
233.3226
130.1719
152.17479999999998
133.91029999999998
211.3022
138.69320000000002
227.7314
104.1671
48.854
101.5183
180.49360000000001
209.692
58.0162
221.2695
212.6791
32.2907
129.6189
112.15
152.0878
76.9135
91.5945
235.13389999999998
129.95680000000002
153.7655
120.6905
73.67660000000001
198.1236
139.0468
77.619
150.1324
214.2699
0
44.578300000000006
50.936800000000005
232.3111
214.4271
132.4048
40.5855
153.20489999999998
141.1616
58.5155
261.3564
120.2944
234.3269
270.579
184.9395
172.76870000000002
164.4456
211.78029999999998
18.796599999999998
204.3288
156.7046
67.0894
218.5355
148.5698
266.2194
163.5693
235.2236
252.6747
63.003099999999996
131.7671
20.479400000000002
252.9225
103.18
175.5291
209.0613
91.6005
140.13660000000002
130.2292
199.37810000000002
167.391
147.44920000000002
148.2127
219.199
188.8326
235.998
168.7028
190.7057
187.3656
248.129
133.5026
230.4067
142.6981
51.0442
140.0493
174.528
248.22289999999998
102.1867
259.80039999999997
215.3545
70.8216
148.072
150.6809
154.7632
106.6147
72.81660000000001
237.8092
158.9352
156.4408
123.4145
112.2075
200.799
177.57770000000002
116.14989999999999
170.3614
216.94529999999997
44.578300000000006
0
34.002900000000004
198.76670000000001
180.8827
98.8604
19.0053
119.6604
107.61710000000001
36.935199999999995
227.81189999999998
93.9775
200.7825
244.262
151.3951
146.45170000000002
130.9012
178.23579999999998
17.7033
170.7843
123.1601
33.545
184.99110000000002
122.25280000000001
232.6749
130.0248
201.6791
219.13029999999998
34.7639
105.4501
21.2886
219.378
69.63560000000001
141.9846
175.5168
65.2835
106.59219999999999
103.9122
165.83360000000002
133.8465
113.90469999999999
121.89569999999999
192.882
155.28820000000002
202.4535
142.3858
164.38879999999997
153.8212
214.5846
99.95819999999999
196.86229999999998
116.3811
29.464
113.73230000000001
140.9835
221.9059
144.53910000000002
261.7046
181.81
45.338800000000006
114.5276
124.3639
121.2188
73.0703
39.2721
204.26479999999998
125.3908
122.8964
89.87010000000001
85.8905
167.2545
151.2608
89.8329
136.817
183.40079999999998
50.936800000000005
34.002900000000004
0
0
0
16
0
0
0
0
0
0
0
0
0
0
1
0
0
0
0
2
0
0
0
0
0
0
0
1
0
0
0
0
0
4
1
0
0
0
0
0
0
0
0
0
1
0
0
1
0
0
0
0
0
0
0
0
0
0
0
0
0
0
0
0
0
0
0
0
0
0
0
0
0
1
0
0
0
0
11
0
0
0
0
0
0
0
0
0
0
1
0
0
0
0
2
0
0
0
0
0
0
0
1
0
0
0
0
0
2
1
0
0
0
0
0
0
0
0
0
0
0
0
1
0
0
0
0
0
0
0
0
0
0
0
0
0
0
0
0
0
0
0
0
0
0
0
0
0
0
0
0
